58.8386 16.5401 -0.729971 3.90274 1.57056 1.47644 3.19277 0 0.501465 
29.5621 -7.19165 -0.699502 3.42539 1.45975 1.46227 6.11912 0 0.387227 
46.1281 -4.65691 -0.186084 1.71091 0.44719 1.76143 6.46263 2 0.344223 
39.8377 20.156 -1.04247 3.87384 1.63492 1.5651 3.21288 0 0.156878 
46.8672 23.4069 -1.07617 3.92412 1.62365 1.50781 3.08169 0 0.155719 
61.7219 -3.65386 -0.0783203 4.11972 1.61314 1.64784 3.00817 0 0.155591 
33.7119 12.2487 -0.823853 4.47028 1.65786 1.51709 3.13248 0 0.155463 
38.5268 24.2438 -1.14738 1.82871 0.55359 1.76138 3.3651 2 0.135919 
44.9916 24.765 -0.676025 0.628924 0.657926 1.91552 4.20769 1 0.13229 
37.2521 -3.70965 -0.655132 4.08417 1.65563 1.47815 6.13218 0 0.117572 
