38.3988 15.6904 -0.928922 3.82142 1.65988 1.46138 3.08282 0 0.929568 
51.5249 15.9602 -0.873174 3.79353 1.62683 1.48285 3.13494 0 0.716615 
33.6115 -28.7928 -0.469912 1.5981 0.396963 1.67775 5.6035 2 0.301156 
20.3771 -16.5856 -0.790064 1.75761 0.624206 1.69266 1.39983 2 0.286968 
33.3324 -19.4992 -0.70728 0.650237 0.66038 1.75178 2.75268 1 0.227469 
60.3147 21.6752 -0.540684 3.79168 1.65523 1.57584 3.19295 0 0.164516 
21.1806 -13.9371 -0.817187 3.70294 1.5973 1.47851 4.78996 0 0.158956 
50.9704 20.454 -0.785195 4.58972 1.75801 1.47383 2.90929 0 0.138928 
41.528 30.0436 -0.853369 3.90882 1.57032 1.56888 3.61913 0 0.118793 
41.3518 21.7021 -0.927208 3.72231 1.62495 1.49011 3.21447 0 0.117167 
43.4382 -10.4528 -0.558608 1.65933 0.44198 1.68668 6.42674 2 0.116764 
51.5984 22.6917 -0.815664 4.21356 1.68253 1.62209 3.16036 0 0.115561 
49.141 24.5482 -0.552109 4.068 1.68777 1.66589 3.71288 0 0.110856 
46.68 29.6132 -0.533267 0.60742 0.721181 1.80408 5.02116 1 0.109706 
58.7624 19.5793 -0.52144 0.796836 0.550725 1.807 4.46342 1 0.103386 
