25.3617 0.685853 -0.704644 3.15677 1.69583 1.59709 6.29463 0 0.964921 
47.671 7.56236 -0.718164 3.69899 1.55354 1.4539 3.18636 0 0.862236 
34.3577 12.5934 -0.615205 1.93511 0.497782 1.74991 3.1838 2 0.826991 
60.752 4.71976 -0.452324 4.08766 1.57035 1.46066 3.09145 0 0.520984 
34.0304 -30.588 -0.731494 4.0203 1.5783 1.41244 4.91545 0 0.31363 
43.4907 -20.452 -0.400645 0.559855 0.67877 2.00023 6.50389 1 0.219003 
20.1669 16.5312 -0.672647 0.551714 0.602073 1.88709 3.45898 1 0.143068 
14.1769 9.67097 -0.802734 0.740557 0.459363 1.82557 1.67999 1 0.125815 
16.0647 -15.4243 -0.949393 4.02417 1.57688 1.44974 1.73382 0 0.111434 
43.3428 11.7569 -0.675127 3.94284 1.58196 1.54065 3.16085 0 0.109515 
62.5725 7.59669 -0.421094 4.28436 1.62708 1.44735 2.74218 0 0.108945 
