14.7544 -1.0669 -0.793765 3.7305 1.57147 1.50175 5.96751 0 0.965835 
8.12045 1.21845 -0.807856 3.66449 1.56122 1.5793 2.8286 0 0.949949 
6.44404 -3.80437 -0.995049 3.09043 1.46565 1.41193 5.96605 0 0.945096 
33.5383 -7.09214 -0.577246 4.16015 1.69045 1.67302 2.86986 0 0.834137 
3.6582 2.7336 -0.909022 3.72504 1.56017 1.52258 6.03294 0 0.774924 
20.2419 -8.41753 -0.886123 2.2871 1.50766 1.60031 5.92039 0 0.682997 
24.9954 -10.1046 -0.939681 3.76642 1.61415 1.44647 5.96751 0 0.66236 
55.4183 -20.1701 -0.586006 4.19508 1.68006 1.59237 2.80102 0 0.563618 
40.9516 -9.87194 -0.589434 3.79533 1.57524 1.56577 5.95091 0 0.504883 
28.7384 -1.6067 -0.364346 3.78497 1.55523 1.5821 1.25188 0 0.475118 
29.8942 -14.0273 -0.716572 0.712839 0.529595 1.81934 1.8178 1 0.311951 
40.5778 -7.12991 -0.451751 0.769799 0.642999 1.82101 6.30526 1 0.26971 
10.5012 5.39189 -0.699678 0.689138 0.559193 1.7141 4.46013 1 0.255715 
18.662 0.286499 -0.720796 0.695307 0.589311 1.61638 3.49773 1 0.238994 
33.5909 -15.3375 -0.67687 1.5764 0.442953 1.66154 5.85862 2 0.234757 
53.6673 -16.1793 -0.216917 0.953975 0.512143 1.9649 4.07194 1 0.226784 
30.4555 -3.73354 -0.386284 1.66055 0.553286 1.72815 2.87499 2 0.222362 
37.2172 -6.03467 -0.483428 0.885195 0.587292 1.78508 6.39323 1 0.221351 
34.0849 -4.9617 -0.417539 0.891049 0.688912 1.87732 6.07005 1 0.189521 
13.2835 4.37917 -0.624497 1.77234 0.547241 1.6954 5.59813 2 0.135919 
37.0727 -16.5275 -0.683628 1.4566 0.54624 1.67857 2.59667 2 0.124213 
18.6997 1.18108 -0.474558 0.730679 0.643038 1.83585 5.84617 1 0.12326 
9.59772 -7.55284 -0.926064 1.85644 0.57809 1.75918 2.77563 2 0.110279 
45.0198 -7.58106 -0.0638477 3.79405 1.64609 1.72045 4.45036 0 0.108945 
