31.9879 2.72498 -0.516309 4.27835 1.63253 1.55586 5.98948 0 0.963712 
19.7707 12.8867 -0.777197 4.03905 1.58807 1.41262 5.12395 0 0.903465 
38.2882 12.8762 -0.653418 3.90834 1.60375 1.4477 2.93798 0 0.772874 
48.6738 2.72282 -0.248184 3.55186 1.5508 1.52335 6.42454 0 0.474631 
30.4405 22.5092 -0.500313 4.24687 1.62954 1.54352 2.15984 0 0.388618 
65.743 1.02959 -0.154492 3.81111 1.63495 1.4995 6.09214 0 0.371593 
44.1601 25.4982 -0.847085 3.4787 1.5686 1.48675 2.40087 0 0.306112 
61.5944 -1.08732 -0.125547 3.92903 1.7061 1.74456 6.09691 0 0.299925 
33.7101 18.8472 -0.46832 3.65255 1.60449 1.8379 6.76024 0 0.273963 
31.1611 -16.8409 1.16785 3.92531 1.65488 1.51672 3.20836 0 0.224395 
41.8724 25.8362 -0.687852 1.57198 0.399686 1.64198 6.84031 2 0.208179 
49.1799 0.787499 -0.347207 4.12778 1.70423 1.52917 3.24584 0 0.173568 
69.1717 -3.04878 0.217988 4.00151 1.5994 1.55136 6.05284 0 0.149035 
33.8308 21.7178 -0.387974 0.579605 0.669634 1.92736 3.71337 1 0.148788 
7.67977 -2.66839 -0.589441 0.875096 0.527691 1.79294 1.00701 1 0.14817 
32.4913 25.9507 -0.724258 4.03364 1.68294 1.70061 6.99022 0 0.141994 
33.446 9.20003 -0.602764 4.26219 1.64729 1.48366 1.87615 0 0.103386 
10.8134 -6.57637 -0.425986 0.531097 0.622228 1.80618 4.51171 1 0.101589 
