34.8433 -3.12461 -1.42656 4.00078 1.57238 1.46884 6.32521 0 0.848219 
9.44229 -3.27313 -0.878315 3.60867 1.53355 1.60741 6.12352 0 0.391871 
15.8661 3.68711 -1.03841 1.7006 0.542551 1.74754 3.06591 2 0.36886 
6.49633 3.94237 -0.887207 1.87043 0.57661 1.65295 6.29033 2 0.304455 
10.5853 3.96975 -0.84835 0.779884 0.590729 1.82758 1.38873 1 0.290578 
23.7473 3.41981 -0.873691 0.877985 0.625445 2.03471 4.38396 1 0.289372 
32.0102 -4.36795 -1.0967 0.746638 0.701985 1.97452 1.87792 1 0.166404 
44.9357 1.49285 -1.7602 3.83954 1.67822 1.53624 2.83617 0 0.152537 
38.2136 -4.42715 -1.10008 0.732957 0.563579 1.9413 5.4406 1 0.131842 
14.4849 3.94802 -1.01561 0.648097 0.662561 1.81646 1.14746 1 0.129183 
60.3671 -5.1942 -0.993643 0.838163 0.558238 1.775 4.7245 1 0.115961 
34.4795 3.96648 -1.144 0.484041 0.683467 1.97066 6.37369 1 0.104477 
