24.1532 -0.687522 -0.732256 3.15832 1.66892 1.59344 6.22038 0 0.971833 
66.7246 -0.14419 -0.482793 4.06304 1.55677 1.48684 3.04064 0 0.345105 
69.1408 2.45243 -0.54373 3.97437 1.53158 1.3476 3.00268 0 0.250179 
67.5168 36.4633 0.495254 3.95212 1.61979 1.54637 6.48497 0 0.205934 
65.4878 -7.80726 -0.479746 3.98433 1.52962 1.49384 2.96715 0 0.202128 
27.3658 -23.4883 -0.258731 0.565902 0.750825 1.90596 1.68047 1 0.198685 
55.2407 11.3942 -0.626187 0.698113 0.541691 1.78448 4.62321 1 0.197754 
68.2287 26.9703 0.345195 4.56402 1.76607 2.53399 2.8872 0 0.177811 
30.283 -4.71429 -0.735303 4.23625 1.68304 1.55548 3.0714 0 0.175538 
68.6399 -21.0837 -0.124785 4.15685 1.69272 1.65207 2.44677 0 0.144873 
35.9701 -23.5174 -0.566963 4.25361 1.61945 1.51062 1.58923 0 0.124745 
35.7479 -4.9918 -0.699121 4.25673 1.66668 1.55933 3.14419 0 0.105027 
41.2536 -26.3993 -0.122307 0.84093 0.549148 1.83126 4.3239 1 0.103567 
